60 1640581468665 1640581468912
60 1640581469145 1640581469296
62 1640581469795 1640581469952
60 1640581470305 1640581470488
65 1640581471177 1640581471328
64 1640581471713 1640581471991
60 1640581472577 1640581472816
60 1640581473153 1640581473272
62 1640581473737 1640581473871
60 1640581474250 1640581474400
67 1640581475146 1640581475343
65 1640581475681 1640581475896
60 1640581476729 1640581476928
60 1640581477225 1640581477368
72 1640581478017 1640581478168
69 1640581478625 1640581478776
65 1640581479281 1640581479456
64 1640581479914 1640581480039
62 1640581480610 1640581481064
70 1640581482937 1640581483063
70 1640581483441 1640581483496
69 1640581484042 1640581484184
65 1640581485051 1640581485200
67 1640581485481 1640581485640
65 1640581485994 1640581486380
